 HAMILTONIAN STRUCTURE
 MPI-buffer size         100
 number of k-points:        3025
 size:           8  x           8
 interacting blocks:
           1 -           4             5 -           8  
 GREEN FUNCTION PARAMETERS
 Beta=   60.0000000000000     
 Energy cut-off:   100.000000000000     
 Number of Matsubara frequencies=         954
 
 ONLY DIAGONAL ELEMENTS OF      SIGMA CONSIDERED
 
 SELF-ENERGY ASSYMPTOSICS:           1
 
 ETA(infinity):
   2.89833   0.00000      -0.12953   0.00000      -0.00000   0.00000      -0.00000   0.00000
  -0.12953   0.00000       3.61469   0.00000      -0.00000   0.00000       0.00000   0.00000
  -0.00000   0.00000      -0.00000   0.00000       2.89934   0.00000       0.12994   0.00000
  -0.00000   0.00000       0.00000   0.00000       0.12994   0.00000       3.61348   0.00000
 
 ETA(1):
   1.89979   0.00000       0.00000   0.00000       0.00000   0.00000       0.00000   0.00000
   0.00000   0.00000       2.52631   0.00000       0.00000   0.00000       0.00000   0.00000
   0.00000   0.00000       0.00000   0.00000       1.90129   0.00000       0.00000   0.00000
   0.00000   0.00000       0.00000   0.00000       0.00000   0.00000       2.52830   0.00000
 
 
 SELF-ENERGY ASSYMPTOSICS:           2
 
 ETA(infinity):
   2.89834   0.00000      -0.12954   0.00000      -0.00000   0.00000      -0.00000   0.00000
  -0.12954   0.00000       3.61474   0.00000      -0.00000   0.00000       0.00000   0.00000
  -0.00000   0.00000      -0.00000   0.00000       2.89938   0.00000       0.12997   0.00000
  -0.00000   0.00000       0.00000   0.00000       0.12997   0.00000       3.61349   0.00000
 
 ETA(1):
   1.89970   0.00000       0.00000   0.00000       0.00000   0.00000       0.00000   0.00000
   0.00000   0.00000       2.52617   0.00000       0.00000   0.00000       0.00000   0.00000
   0.00000   0.00000       0.00000   0.00000       1.90120   0.00000       0.00000   0.00000
   0.00000   0.00000       0.00000   0.00000       0.00000   0.00000       2.52813   0.00000
 
 OCCUPATION FIXED     3.72000000000000     
 
 mu search: newton
 ****************************************
 CALULATION OF CHEM. POTENTTIAL
 ****************************************
 n_tot toletance =  1.251688784652398E-002
 convergence:
           1   1.16104410000000        3.72127814252086     
           2   1.16047048925397        3.71999870284558     
:MU   1.1604705   0.0005736
:NTOTAL   3.7199987
 
 ***********************************************
 GREEN FUNCTION CALCULATION
 ***********************************************
 
 ***********************************************
 GREEN FUNCTION CALCULATION
 ***********************************************
 
 i: (1.16824773886699,0.000000000000000E+000)
 (3.95288504948393,0.000000000000000E+000)
 i: (-0.116524838518185,0.000000000000000E+000)
 (0.562149825712295,0.000000000000000E+000)
 i: (1.16896148293667,0.000000000000000E+000)
 (3.95636779636667,0.000000000000000E+000)
 i: (-0.116711932856840,0.000000000000000E+000)
 (0.562726361246806,0.000000000000000E+000)
 i: (1.16824773886699,0.000000000000000E+000)
 (3.95288505216939,0.000000000000000E+000)
 i: (-0.116524838518185,0.000000000000000E+000)
 (0.562149823983882,0.000000000000000E+000)
 i: (1.16896148293667,0.000000000000000E+000)
 (3.95636778789272,0.000000000000000E+000)
 i: (-0.116711932856840,0.000000000000000E+000)
 (0.562726362206059,0.000000000000000E+000)
 ***********************************************
 SPECTRAL FUNCTION CALCULATION
 ***********************************************
 
 OCCUPATION MATRIX:
 real:
    0.10705875    0.06494642    0.00000000    0.00000000   -0.06317527   -0.01516728   -0.00611929    0.02819549
    0.06494642    0.82309801    0.00000000   -0.00000000   -0.01516700    0.08929583   -0.02818756    0.00532453
    0.00000000    0.00000000    0.10690156   -0.06514083    0.00611913    0.02818631   -0.06314764    0.01518851
    0.00000000   -0.00000000   -0.06514083    0.82293586   -0.02819513   -0.00532475    0.01518894    0.08926189
   -0.06317527   -0.01516700    0.00611913   -0.02819513    0.10708508    0.06494643    0.00000000    0.00000000
   -0.01516728    0.08929583    0.02818631   -0.00532475    0.06494643    0.82308254    0.00000000   -0.00000000
   -0.00611929   -0.02818756   -0.06314764    0.01518894    0.00000000    0.00000000    0.10687683   -0.06514332
    0.02819549    0.00532453    0.01518851    0.08926189    0.00000000   -0.00000000   -0.06514332    0.82296007
 
 imaginary:
    0.00000000    0.00000000   -0.00000000    0.00000000   -0.00000000   -0.00000000    0.00000000   -0.00000000
   -0.00000000    0.00000000   -0.00000000    0.00000000   -0.00000000    0.00000000    0.00000000   -0.00000000
    0.00000000    0.00000000    0.00000000    0.00000000   -0.00000000   -0.00000000   -0.00000000    0.00000000
   -0.00000000   -0.00000000   -0.00000000    0.00000000    0.00000000    0.00000000    0.00000000    0.00000000
    0.00000000    0.00000000    0.00000000   -0.00000000    0.00000000    0.00000000   -0.00000000    0.00000000
    0.00000000   -0.00000000    0.00000000   -0.00000000   -0.00000000    0.00000000   -0.00000000    0.00000000
   -0.00000000   -0.00000000    0.00000000   -0.00000000    0.00000000    0.00000000    0.00000000    0.00000000
    0.00000000    0.00000000   -0.00000000   -0.00000000   -0.00000000   -0.00000000   -0.00000000    0.00000000
 
 spinfac*trace=   3.71999870284557     
 
 <E_kin>=  -11.9231605175691     
 <U>=   5.90921838087087     
 E_tot=  -6.01394213669818     
 Enthalpy E-mu*N=  -10.3308908514135     
 
 CPU-summary:
 mu_calc:   27.5500000000000     
 gloc:   36.1900000000000     
 ene:   28.6300000000000     
 total:   92.3700000000000     
